1
2202
628868 707847 38511
762445 125485 13490
907429 87042 99793
219609 161379 23109
682665 859844 1418
236142 327420 65180
460108 159669 52431
63295 526626 35299
149586 872841 55614
891059 716729 43405
536102 907407 4104
132705 251881 5721
865181 879044 89236
367444 977150 45321
311743 478347 3556
973861 510371 11670
175758 780330 10367
271601 628640 22067
536193 212127 46056
585555 873722 73578
904323 697889 74118
523566 510695 97874
435851 521199 27838
483326 33092 30038
921239 620506 75978
301428 67496 98583
477020 211891 21483
694125 644907 30142
607914 169710 25680
545016 272827 44871
44004 10322 73725
445823 749053 54739
383122 685758 57098
512402 932112 938
454334 96836 59569
715056 561536 95644
112175 961246 62770
416530 892840 46570
477073 482313 15212
140534 364071 38193
369966 927721 415
54973 27262 37575
156035 323632 9148
487991 408305 96500
519246 82979 88102
7265 666097 99365
304907 690129 98239
223649 7704 15582
371522 836033 88146
257853 897108 22612
814098 112836 29642
56160 807506 19705
628874 875741 28760
755557 364497 49973
958277 200802 67470
159578 168980 3302
372272 423908 55905
650086 939660 59284
981188 553969 6462
568671 474370 48921
601078 286625 89674
732081 80093 63502
287340 612175 41191
930522 350761 69951
733214 206328 92291
180491 694821 75559
509409 106386 79784
310064 875874 82441
126993 14353 69927
705357 182620 29604
687375 226844 57285
727679 508992 5693
525433 546067 55482
638993 362384 34083
554323 814582 92542
101933 329962 4401
326178 922455 12875
773911 96878 58288
560021 494882 82116
278783 412034 99111
538693 381529 22174
232192 360042 51401
139893 95199 7320
265524 439867 69554
340775 958200 14142
496840 77432 63540
454583 60979 32164
191835 340295 53649
471146 270419 47062
592053 699471 78052
286736 307469 74054
480138 411795 75003
476464 370479 96460
790727 962444 56050
405731 748540 22956
123822 270339 28460
297755 353810 15553
609569 584659 45149
168847 468042 79844
532885 77702 91429
985889 348326 1881
400692 101405 82933
272678 757490 21026
252704 981518 65147
715667 960050 47158
188555 872316 80959
25873 600214 97151
31242 839969 65477
290284 261711 48758
681841 377192 53397
578281 833211 12203
593278 171697 63495
834108 623987 84318
12257 902107 86756
244748 6126 25261
458685 526253 73941
302150 125779 76346
877434 819849 30642
905213 202223 70838
167464 324941 55317
518931 411761 39639
25128 292843 90944
610251 317416 24432
752088 397893 88041
26949 917909 41687
433006 486184 68720
125386 484384 30372
256530 602249 80350
967848 417200 92790
66738 515851 60519
720353 36899 66337
214079 490702 10394
446696 386307 93651
339643 192809 49460
189920 635158 16422
302734 539614 96209
511092 120546 49628
326393 611314 52275
481784 620205 42013
30946 988178 45867
351136 690222 92549
742805 609593 34192
656007 857860 42403
466895 904094 27046
436042 906689 30177
546797 870280 78906
995798 880513 86167
773042 91066 23184
653721 552472 30714
88743 655123 73171
419651 387944 15693
598611 266039 1950
997018 518374 23500
850544 16297 76465
671419 978520 41431
736165 172884 11831
533059 70877 45510
842124 603617 58476
88675 213386 9137
698629 765273 67800
901721 762224 67152
737567 168089 8320
127481 905302 36400
381314 385563 79697
434906 607223 90652
583874 609351 75841
539608 487184 97257
211358 954223 22595
426757 963812 32062
702507 933513 95172
83139 432768 80745
609295 842948 4277
897920 408394 4149
106199 132690 75296
355397 952929 79981
583531 664680 24202
873992 954113 24562
454202 775645 82151
174357 371081 84828
399447 554386 46982
598131 67758 98590
741030 662227 26058
920025 862835 26830
147040 868147 11095
373122 711452 86113
404026 956458 17653
4852 685538 85374
316460 825266 91420
903820 375328 59466
649230 894865 644
792522 906047 52620
754677 774147 63469
18567 194344 70637
731424 262762 23327
709137 128965 20061
751365 546025 76266
101466 82923 19134
198266 378124 38847
594358 446097 43663
501158 893411 48271
458866 875399 74458
684694 194869 90893
441975 503304 42299
89662 973935 96547
529761 771331 37785
817065 168238 10867
447546 952082 64075
163257 906695 15301
336991 612508 97184
454802 137045 69209
88623 428864 12912
979567 855545 67354
415919 332081 53966
881267 992788 27552
830373 683000 60491
53195 622992 18592
675910 578145 22343
408374 654864 78920
315202 956941 32086
745390 24272 94946
944402 974247 69816
253528 985056 80713
315701 718011 2201
931703 440341 68164
112951 115224 96783
584419 580275 20227
678642 179935 62525
438131 963906 53476
806206 789184 62665
305064 406621 93511
276232 658524 5025
592781 516919 74309
623941 573935 35877
882514 17601 98780
453527 353699 12673
24374 146914 833
417193 858212 63357
142346 393808 63543
962351 649058 31841
357520 77173 14713
936050 806757 85569
571317 305348 4147
837623 478690 96911
966615 152242 66015
530304 9505 70320
742334 103954 77403
337119 665105 92376
257724 900020 43179
873499 181663 88291
425151 306904 27249
853975 430993 53027
609020 945559 34084
419851 476189 30735
145354 314265 87704
638498 77682 84526
48767 26622 2167
573927 736280 91253
4461 380560 32172
755242 428920 87384
452602 221635 70227
235995 536102 90390
404299 96506 64070
688480 306020 13901
152406 298209 28867
737857 292743 17723
631165 820300 57070
576756 52605 90646
263389 62835 18562
180270 98047 14504
790144 999888 69109
803180 836929 11930
521487 588090 66203
20344 983590 30168
560350 822703 46190
837241 683296 56090
528958 790890 83536
257150 447704 70453
865570 67331 81268
51218 857211 4531
655318 68674 84103
361528 389835 34162
720983 915674 49501
513147 102859 29458
890221 894762 76255
953699 573607 57134
662417 751752 33408
811526 909656 34839
247943 356496 42012
510283 623037 25356
362272 135219 5777
722395 516098 16557
839031 751208 74116
49259 257392 58007
93886 450024 42309
71267 671973 34371
973430 250093 79590
51034 470146 43402
172579 249554 25729
904793 697138 64695
260227 372771 93173
490674 471939 73829
158767 848038 41313
268095 121312 74114
159201 321833 166
688530 854544 89184
354706 856206 69973
188310 642476 79811
886475 164214 76383
84843 997814 6485
239479 594163 16933
495832 760053 49718
931384 515478 89799
326948 15161 82440
448597 463348 18821
821471 295714 85799
779307 124109 54263
712389 305896 671
819231 955789 46388
311470 811495 51158
645612 394508 12446
606902 546909 11347
140343 473780 2101
664791 495278 49933
323454 141586 90232
689638 409892 11623
685254 239235 2265
537272 240085 15124
885446 74613 6914
391553 278508 39540
587556 118579 26931
586872 708118 55514
910638 323395 34836
273055 749469 2353
996619 555039 22143
533198 412814 25239
780380 340346 29610
293036 617218 37729
426652 182772 34858
904569 688728 50981
525190 582699 58774
789725 109483 42873
961278 688508 17218
699640 281066 36285
815279 227356 40735
687319 595888 85147
898084 48093 7979
256213 220303 8380
618172 40282 66250
115621 751041 2395
27756 910081 53181
309044 415691 7601
841296 727062 30043
985856 703931 78357
606465 433677 93160
832503 565397 54700
717504 716037 22789
522451 628779 17442
899288 448473 57335
126973 897274 91547
837884 615063 52159
846651 891256 19906
138601 521596 64381
219525 363998 94354
251689 229663 71932
320238 602586 51338
578794 914739 57312
508141 628075 95791
12228 528390 69516
499819 769048 64306
335290 639475 99001
423277 225522 2624
117023 240096 87023
803838 494409 60840
539986 202526 94076
936699 900308 14927
654938 669962 54471
60584 395625 25251
10409 998105 28041
38028 779565 39344
341319 841843 22046
574891 221411 59867
985243 834552 52223
495576 265987 23287
248936 338133 33020
533792 246524 7254
836506 897344 72256
628932 205620 9307
916223 167953 79448
841346 721763 96700
486162 140009 3552
82523 656920 38101
185869 491312 53245
547537 278674 56446
337855 204236 9098
18776 101642 86930
844714 158142 78175
179109 746694 45455
506194 393408 98569
36681 570784 992
962971 616642 11809
425936 320158 26202
536169 28210 82846
825122 875224 5680
821037 808808 13950
994937 451180 1000
886613 743684 9068
295861 935166 82018
873205 876833 58368
690161 911447 41141
32986 775131 47004
945885 295852 51826
827005 326189 13268
483227 78039 32254
551220 730768 9219
68415 81456 61445
470574 477879 83585
800641 686040 96253
821929 787817 80197
676970 585016 60712
421871 243150 97111
126664 987058 5270
994485 726604 93827
970248 351059 81566
959476 665851 22063
881736 583705 61019
916756 533250 57410
104007 457644 19272
630218 406588 78408
699878 271908 92122
925194 427150 93221
902488 863742 38059
131887 168354 27763
420366 200402 78452
143218 310272 30298
974679 236722 10479
643531 64195 84031
753605 509353 54119
459101 7959 70434
748779 781815 39624
276445 186002 31493
492807 660311 62395
263274 886508 77468
201238 880678 49343
243140 44829 74164
725549 335830 83063
152527 180095 1829
943685 512143 82698
562263 717591 90099
564070 440531 46853
462130 51144 19967
851536 42464 155
144094 551616 95012
768809 995052 86310
175034 877002 95560
84822 264541 91973
472946 241626 54728
35739 521445 27399
216599 273910 87868
542982 600065 16913
715070 611893 22218
30030 607897 72968
9908 455783 32446
243188 474526 65161
602219 383720 83515
900318 935546 89880
959158 961853 48680
561479 975477 61068
133199 67842 56683
918898 299729 18976
230359 843350 98032
505950 372450 91512
625717 257063 37556
621610 434802 56347
690302 33617 82413
23130 807574 93119
34675 312955 1924
861918 409020 45964
45578 613821 94858
726597 732299 81763
895957 799149 94588
365550 590174 25274
849239 461068 23062
892323 943333 24435
381287 6772 39157
350961 680987 26744
571927 257306 14978
65149 670467 897
648426 211842 36887
920019 712371 52341
713498 726843 23813
254602 98929 34444
865472 950299 33854
909327 364812 30059
288220 901702 62141
839828 837546 49069
129345 691475 1818
431729 506430 61998
513828 382716 97699
218005 359812 43168
40883 65586 88800
693827 711726 29279
571206 590481 44908
403289 201745 43992
254534 330990 92630
160607 171308 57626
435982 226132 50625
125590 88231 60265
758875 826286 6889
166812 107721 73263
377882 927983 5432
586114 897083 24552
100563 875026 45499
177654 687996 65721
478626 99539 55550
991843 969230 97066
296706 438852 74958
167342 948540 3001
194586 247525 79132
168457 515745 81218
95786 946958 42708
682460 583094 64189
614163 628738 58141
26584 299854 23856
31646 343421 61522
836029 866313 92062
320091 804302 15666
124545 902485 94215
146357 684346 98459
838650 675620 71281
494121 345887 60239
845229 365336 48391
47580 551566 49400
397741 649480 76014
461154 937298 9240
363545 220005 91813
643338 435168 21382
842343 47174 98083
83275 564988 11053
339213 112459 72618
77413 991525 95376
199886 729724 72657
16566 997015 13186
598145 937670 73004
660316 903390 82659
4695 78626 11681
741900 140687 4489
722710 409215 66637
749967 399859 10017
998106 171371 88378
846504 358972 16413
16918 466401 58652
307230 536845 1200
742074 804979 51164
942554 902861 33226
877891 732783 47083
134132 155989 12788
911572 178373 15873
19163 634604 86998
700580 200304 77328
336255 67770 99447
568818 951108 28950
27265 26084 85811
957526 647522 29940
691157 569036 1267
652617 652113 44522
660657 166611 91368
954240 832071 28978
712740 490648 38755
409437 399866 58568
671216 82136 41601
532976 395707 48303
508518 806533 89234
134159 703667 27904
888269 497 82567
741437 589198 81503
733327 616205 91188
828616 742279 63520
415867 991378 73225
937149 335408 46080
758219 135587 1926
41863 45186 99791
212240 920540 62601
383376 323826 16313
546141 514448 21559
316060 472790 76626
711199 955115 45005
325447 744779 50
736635 478843 33853
458018 710942 58323
410383 400888 1260
32560 721925 6540
971848 633991 88020
710158 548156 77914
645325 124017 69365
863390 305984 87123
780455 877160 97987
261730 704518 73397
232956 649488 18791
414583 405712 23463
621817 623099 41914
436802 405024 34973
893926 334282 45341
485044 446116 89859
768973 878647 82131
223349 874470 64596
342756 929609 47828
420773 745862 56367
77068 114781 90391
680087 808333 83892
936007 478969 34052
315753 104585 65056
621879 205166 25043
217750 921034 17754
435526 147403 14590
685578 747184 31878
928250 943270 73599
208142 408543 99248
778385 757226 1290
779144 357303 45994
868608 872001 12285
830088 856717 4615
484873 702838 30422
412369 667826 23768
512867 185088 92707
624007 925676 73711
157595 687087 44491
527026 967977 9801
401906 911666 44171
708606 171709 67918
359160 631769 83835
797161 737067 34792
666907 678708 7261
424579 918492 32061
759489 354103 12647
155840 300929 97217
931039 315450 76191
31745 234450 64587
646375 902510 43528
421197 99016 78185
166548 287904 59474
449859 684072 71116
15614 298548 82926
77517 857900 71657
835618 339542 86993
415743 218081 45110
764598 278196 42573
706251 99566 39514
683337 12256 58488
393483 778810 71053
209172 676622 31639
870189 494910 81525
36926 579923 16666
735569 915738 68259
682246 810340 46227
926329 420673 85620
222648 450337 22812
246664 399524 93632
731061 977663 48505
467718 556869 45422
965638 804825 84862
284842 99919 32389
417026 410810 28581
231425 492536 92307
666570 876059 39275
509797 734538 75926
885561 926488 56317
993601 63716 96453
443691 333449 62438
852431 91292 95647
775462 142314 12673
245622 15660 60490
465486 704520 65270
882504 330997 60079
607590 290328 42329
327246 458028 56744
860834 857332 23956
530455 235910 94393
437081 148594 55968
743197 706834 76742
393225 304301 53423
583587 887357 67520
746050 191706 37767
989826 131269 10078
263168 68592 63326
949024 685364 22432
456383 658048 52964
5482 231807 89143
886858 127941 91761
516411 378503 76431
385019 411109 590
866524 939228 72444
700777 732070 30268
759251 84093 86139
803243 27001 77996
863613 923019 54741
908608 741349 49236
753221 78733 80994
416477 481232 38894
904162 729514 40188
162939 904058 87317
946141 116530 5448
272127 506658 61220
721875 902748 73494
356906 155217 44360
128342 522475 17819
641891 870680 78844
30573 980319 21300
8893 155805 18338
270147 707489 5255
615796 501257 5246
605125 487188 7581
177382 275347 98744
899280 943792 67190
829239 162663 61530
347207 554432 35890
507815 651206 20679
119412 605156 73253
964765 925912 62847
896202 64073 13954
224981 410130 38594
929532 597263 99250
193733 585430 97327
3393 34666 58124
986523 881116 30701
862837 539140 58914
795601 358823 93539
738175 347858 46344
779392 910404 81166
632403 200032 21730
441020 884177 24507
739096 931075 85017
928435 512903 7945
81801 315765 4400
32828 922599 54193
550290 86771 64194
996835 786846 74208
104807 854807 20606
177375 209750 48966
378424 744217 6671
2126 452798 3169
422540 65985 60172
902176 461667 83115
436267 950557 15730
536669 82516 13710
353276 418811 55107
207061 528264 29634
619738 425819 79202
137251 970764 87478
84259 968387 30453
695251 454710 40308
363288 471884 86336
351844 110161 72445
955386 278360 20052
861185 168195 43151
388594 317260 42929
884965 529177 16963
707913 406580 36493
929094 442054 80336
301255 662987 80082
363863 447525 66610
575825 454018 63142
904714 822207 44423
196952 58688 93224
655099 780607 51162
562855 917439 53239
798672 37035 99108
872314 250609 99125
967154 896954 17068
776340 551176 71977
370913 531050 92753
169795 231558 80617
741705 150937 84017
487880 271179 68575
383556 112587 36651
553287 544255 17920
372063 618271 24329
211727 816267 95773
983376 168234 40763
702192 559332 33433
142884 474316 5218
835138 908908 5069
423546 983935 84149
687481 938249 94063
580103 741000 91661
654344 13917 93371
486486 616198 33268
440418 333748 76320
871323 208662 82370
939802 379521 10693
44567 12761 50477
104946 804302 92005
56413 599687 99749
866352 27622 61598
9717 819860 13621
251825 180423 96509
382315 835031 12496
345621 389670 35640
805950 5360 86678
10622 643381 27144
86171 654755 11451
293205 588834 16032
702815 920146 35772
64340 515899 12821
728101 297083 67369
918136 400164 39618
957408 172653 65969
751677 496358 19869
275612 933861 8255
655775 144191 84916
396755 779729 24688
622807 508292 36266
556303 426640 86317
91304 708035 90100
305714 717001 10316
396963 79226 21716
499764 736775 76859
692849 613163 73549
886644 734653 39584
887023 576147 70158
430766 602353 11281
837176 520781 13964
973357 514538 26996
539303 325472 69229
616240 899504 81678
705987 523411 46967
65504 947659 77555
169674 366282 15212
407108 951579 20360
852214 67191 23673
673387 749783 40742
967757 871133 17631
762529 501455 38824
66709 821870 78336
644599 89632 12524
219831 269104 87738
583281 99956 12000
207308 180128 8361
504004 736564 31143
938926 975185 65707
802192 24408 94328
274578 766819 28548
110354 961013 30857
293911 628689 60330
174577 188364 36280
699099 403646 86464
138646 73096 1894
486493 347376 12964
852848 858048 93183
64741 283485 1253
303659 586558 75870
929582 624190 12767
52087 737438 78473
692671 336747 15312
166868 821449 76783
146538 995664 79505
704792 173442 85844
502479 195694 38905
252032 840466 46495
409602 303653 81633
818113 220379 67930
95587 805277 89679
793745 909745 67114
293576 67996 27213
27381 744863 92155
214913 806480 56338
526483 951335 98866
30226 287188 30036
484781 386140 18814
771744 77663 83382
138176 830122 88991
66345 600596 91302
76257 165027 43709
165839 551092 53744
159353 322761 81989
269325 562793 52358
439055 199524 59941
8058 623674 23456
317356 837403 60319
952427 116965 63797
910359 44592 17850
673938 743432 71201
803926 53783 64200
920927 295897 15490
456983 201313 54122
389720 614160 76429
426587 886642 27216
854857 443649 35385
159563 228718 62280
561389 917572 25422
787644 222228 58198
88424 132546 97079
20957 228261 54730
306241 692458 28649
686359 710051 56105
656195 672871 58503
84014 524203 27582
770422 759460 91729
811914 311398 64450
710995 752547 40645
648368 378458 59148
365362 711307 3375
40291 70120 66673
144574 524590 65344
906333 212080 573
173512 282879 93255
976068 68458 61424
60483 535061 43827
474603 890899 504
596960 587438 78165
701138 162309 23544
397046 130689 3918
383524 771436 99725
429610 279516 73173
529682 582333 76867
174050 149175 22362
42832 216610 58639
506478 635566 66404
889868 789154 58449
328772 818981 54746
850220 483137 54674
617253 378974 6244
942988 990899 29689
794431 191697 25685
756024 535771 40116
431694 151668 86835
568879 363713 71654
592824 646960 25842
893738 475178 48074
830551 751246 49903
713215 951775 30236
66718 746576 13418
749451 790664 25877
280381 333880 3674
416786 470257 74612
524424 453990 49202
562702 987163 74323
107108 562224 2397
86533 806241 67158
559015 655765 89844
142298 610395 27899
870769 960402 91287
731517 418329 7249
951155 791018 45901
457959 460124 50200
40076 119905 38425
191991 312899 7638
860476 485241 79002
411549 9199 19086
155064 734807 28113
413539 857102 89442
313794 41957 7867
223097 492803 76928
501182 221606 86798
919852 373307 81623
538549 581447 9943
952345 783714 43631
697723 775806 67992
162882 103918 60068
354702 967551 65775
571622 866247 12747
59339 455964 41388
377580 724179 7212
880346 588174 26335
939408 144538 28335
495596 458315 99045
507622 625056 14199
289865 234690 96990
614845 117852 84780
105338 521744 58362
982517 766805 42068
918843 295958 94271
171319 92689 3572
211526 200403 81015
917470 707231 48688
851786 782962 85246
205662 835032 66977
787559 475481 64597
458155 928264 19540
476846 701725 63838
193796 548735 30854
888018 448363 9201
364193 643750 88917
281783 107360 896
280620 500738 3290
320549 438430 61969
733420 906872 71016
232967 972074 29865
256732 328965 21138
471074 180503 98696
950106 938880 37014
664706 148739 67394
115351 991692 53640
345912 252253 25998
339291 430636 67402
19485 983918 41309
258093 552972 15321
727942 654719 39476
588704 923359 54007
41715 622958 57799
784190 751685 32909
546036 171048 61195
673254 272669 1362
499845 275773 37772
622819 785874 19792
350881 679217 98286
747373 708395 23095
645811 220257 45166
768276 845811 58460
985012 851754 61096
726433 292971 1989
83563 249686 23249
765841 945543 30183
548233 386410 52545
486932 552336 29381
79814 61954 78141
406030 618989 96379
721997 575402 92851
670763 60243 65847
380747 908385 77177
675241 221107 92536
715674 173900 78361
301290 5451 50889
634606 746303 34427
503179 403587 67094
296895 217908 27997
331024 369288 43111
974730 828183 57057
844081 709253 99851
895161 197831 93327
406536 601639 63390
224728 128964 25903
205772 580503 95393
518255 114929 14985
148459 85817 79651
809409 341978 25949
10633 311579 86977
890432 904584 34127
789612 845778 55227
339298 72353 34505
7337 862633 4454
147711 860909 3132
790975 130489 72394
282575 184669 24426
993211 1902 74146
27448 407271 91380
195104 325321 45762
553016 39230 29581
979190 187877 60086
599434 134236 90580
429761 693514 62918
543747 76935 34644
799100 810372 1529
960955 764511 92747
570950 855001 61794
750596 305389 8198
944425 106682 27362
977996 882475 80630
750190 592904 61825
629854 558691 76895
984062 831547 96415
244468 429244 3427
105055 614969 69720
990862 941303 52301
40035 173127 6986
394692 147495 75042
438780 367758 50738
384818 790413 12362
452502 127577 96816
229047 842523 20784
625529 359324 88095
620601 338638 59029
565691 332693 14143
473625 560976 51938
44814 245146 88885
235003 987252 53892
305891 574492 29047
273646 119744 19846
953277 44373 9201
370457 291575 17354
578910 75990 82508
420951 695886 30779
958499 839671 8191
248428 21767 27584
235941 968308 41134
541639 449598 18077
244194 369123 84111
2217 353279 40912
802591 518414 59863
600679 70312 74208
343014 680388 67651
916545 814253 16968
857555 118520 46906
215144 840126 53059
761008 455967 7362
767760 31983 91282
630470 306755 43260
816346 683871 98825
140632 6550 96844
281853 437496 29876
343731 627601 41279
824117 435714 75856
590955 375164 65361
607400 446167 23106
351597 323816 55982
494842 448054 36830
217103 488347 15682
926688 741955 63641
392639 385786 18003
220963 996483 15313
334424 30012 27584
592034 401722 31543
761148 112698 52589
717826 65282 78656
536728 456504 1327
179711 681313 88587
925448 43056 40969
859463 479216 8230
107069 529506 75124
875046 382095 15909
277456 740323 72256
88793 516837 23286
768292 504385 47252
568660 939011 25791
675416 434163 38845
90532 548549 29652
845617 689718 20969
94006 780281 87521
512348 873577 55251
446205 239812 1205
409100 724844 89428
39293 708029 86320
481893 358042 43828
321843 691522 36804
396240 266081 76202
252203 65339 9049
690643 231781 59956
189538 369699 88486
898740 843329 71663
14168 922448 34579
266867 487854 60237
43533 362810 80126
121548 264532 26237
914896 130922 94765
834315 371330 82545
841935 598006 84392
495955 34850 1083
256047 305239 70699
271993 561879 99378
154219 862271 97595
962686 163126 57955
844936 700071 96500
276273 115676 6966
240251 607272 8361
899938 625294 63288
143719 914879 58811
223538 508971 86098
471315 599358 4185
455918 836776 1572
615097 841915 19428
734872 271104 10196
319465 453628 22726
653218 121534 37384
326206 42451 32636
201281 687733 47629
601368 636733 73928
568090 361511 770
633720 381745 64239
778697 512732 42189
599005 469028 1747
881218 901604 79219
11538 522043 90490
748104 19404 87064
447285 24393 64454
579600 273800 33595
946657 392222 76221
25103 497923 19260
827903 412954 99252
625089 628810 49401
4652 400153 32425
354059 141662 47546
887579 381223 14101
76920 414117 94661
825105 118230 37419
264457 494181 55939
588847 728583 38286
762322 51508 61474
115913 513349 55670
169715 495321 41959
393287 593354 85164
926672 150016 53652
373092 884187 86806
903349 626758 96591
195864 397090 73832
515606 638776 2894
310126 432469 5033
769657 288998 66286
953553 796958 3465
918758 359254 65737
297988 191286 47932
854431 70421 96901
522415 932911 40312
468601 356636 37040
126846 401331 41444
525146 472053 51591
684844 142952 78502
879786 900701 54097
908218 653773 67725
931236 495752 76066
325390 6914 98733
235276 738879 47704
952548 265261 81473
763385 901438 73862
825185 782508 45301
951750 140029 62302
233038 901234 69808
479515 149916 19321
663173 842972 23007
322201 256911 5550
138973 362110 28683
700950 879128 24958
961762 48186 73734
900759 913288 72801
608874 878163 84482
875998 143771 99202
750520 697379 56953
267313 626144 39971
712180 809061 86587
107121 37002 63180
309320 156074 80800
987540 541734 39367
620824 15890 93626
177685 243658 39266
529295 387723 36753
521561 844207 98070
864459 718050 6110
859989 930026 28841
185191 188405 45842
629236 393592 75960
767349 506071 23225
39977 793491 4614
938560 581157 74672
744523 842232 42246
390151 549337 95121
309080 31045 97677
199010 55647 29559
851560 182712 26768
361097 593768 61045
587739 135569 53515
80210 925963 42939
164612 110356 83008
813277 621997 37197
932635 847263 37807
269469 892924 43551
129985 32508 47313
788386 836157 96102
641656 552512 96525
490003 591707 72293
712331 375628 13506
933131 949745 67060
699828 614540 92940
247245 293213 13635
988425 195976 14043
874234 783022 23991
354438 448838 39319
198188 377157 2159
284014 351281 67793
291918 974279 25095
497881 397949 19756
4044 375256 45421
724743 289766 43849
600865 83144 92825
295068 468267 21427
576131 427400 64130
724419 381448 85054
342999 601401 99487
374672 110676 56120
186822 47468 99192
246570 597628 71892
233919 36233 98622
752265 56845 99467
322536 369774 76349
840173 256029 22504
122995 778949 1774
701562 386273 97494
823252 541942 31301
446390 264101 58788
72188 315878 25240
689220 25157 40896
831096 826839 80073
946476 489982 72062
807486 566691 1221
722826 607429 21596
361339 774861 96648
909338 708110 68681
425563 118246 79955
25192 236833 92102
103288 491385 13558
697464 470111 60117
901687 460818 85139
985288 628999 40680
792715 408032 62587
314295 552945 48418
429040 868025 19095
142885 962247 20581
748529 434000 64239
695049 688492 44661
302174 607991 29751
646046 592020 30004
977602 989458 22581
364085 165604 862
194603 573510 20711
378174 994946 6790
707167 103358 38897
246281 881503 39064
504434 517536 15891
895701 634506 78761
26351 678820 8460
612527 88053 51798
195513 611499 22519
27689 207951 1614
710041 527284 24928
36285 77306 59453
199472 320657 86652
91521 488332 84469
537895 5535 465
766936 394655 77567
641100 359789 20299
898687 89550 20449
446836 179903 36907
474397 212416 18625
663144 583817 93406
940184 230002 63124
452787 643943 21786
922477 920120 28936
866774 652521 71681
987686 878587 15372
794575 705369 84809
877487 843131 97880
435972 162321 31452
301116 28560 88821
506187 848280 8259
511163 491251 31184
141113 200736 36664
236890 647250 22778
381275 259525 5920
652353 654962 90543
559474 544866 8439
564834 266243 13276
471484 343159 83527
727115 870587 60982
378918 101129 70511
793013 854190 74416
82884 644344 4916
468470 313311 25571
657912 811886 21988
245555 969378 34721
787427 479515 52817
215688 498496 83019
770263 692403 13684
297319 744113 26149
908436 614430 1730
688409 526408 49109
827376 106179 44258
336346 514477 51878
920037 972247 80569
914266 432976 65451
493630 590347 92535
307837 735129 70113
25176 157406 81898
213580 273144 18982
78510 963198 81451
557648 782512 24468
885349 685133 53398
555238 380230 8065
372912 581646 15466
594434 206896 23776
31029 548062 41920
973959 155460 47065
319203 338210 59863
453300 375790 18816
706813 14018 55151
293103 569739 26377
139654 799895 22650
33814 345207 70934
394258 861175 28505
753489 671427 6290
117968 297714 96377
575117 604047 54669
902355 651638 21555
184449 795960 99898
952234 235949 19888
815438 757418 51793
170458 695369 40107
776121 498199 82086
856807 534985 21861
137199 164612 58399
642086 518235 29726
112829 438587 67780
354034 510750 16905
139470 533169 35271
880707 874323 40821
35030 145358 1012
871362 537030 67756
359095 684455 4346
625616 801670 82418
203081 515341 28941
735836 673474 22536
96782 739042 34604
578875 616994 81579
302689 757633 28057
390126 924131 81339
666179 438972 60186
59296 532186 73045
528889 370988 69673
624299 508599 71536
559097 706716 49145
851285 890844 32161
769493 602617 19262
598493 327830 64279
572554 259320 70161
59323 711843 63387
812700 523545 70662
535173 931958 10703
321114 211579 48424
670194 635746 39206
531095 24539 32826
801375 696880 33253
5935 979355 12528
267133 139320 28262
464999 513443 82602
276416 218277 32872
926133 91661 8722
874620 200099 92923
387267 205053 17116
644203 186347 75614
392488 840496 31741
879904 163963 13332
302712 692549 92826
128359 358291 55609
777800 161422 58772
898613 587884 67382
855629 767979 23485
522800 764450 19363
125604 478986 62540
932300 540394 27662
403659 951595 96424
904592 220297 77222
495889 215913 42487
393647 625138 44803
796690 938358 8600
836676 565803 46452
154105 682612 37411
532874 323634 87314
935976 995274 56626
999685 6152 27976
966677 758631 34904
868442 853239 91552
375001 357548 2467
420422 141266 26026
341843 404198 22837
432630 694957 82516
679048 876483 80440
684661 974604 29149
479082 83751 92372
181177 674673 90091
26357 984418 45622
624517 48516 74797
765231 614361 22642
533663 548982 5306
379604 304528 47322
457119 479367 5900
86564 363440 14193
86224 545818 85945
371629 827692 49878
147640 216858 9265
563434 201544 71445
23809 390284 27096
340565 546062 38538
973744 518374 22579
907902 726742 84888
367244 852451 45713
722092 278373 35641
708876 409964 89324
457825 567033 14430
479418 836062 96866
176215 34521 61025
814193 489285 22724
357505 300021 48182
449782 451067 34665
664858 774153 74690
459346 85332 19041
93221 472941 75185
685375 633982 19350
980224 708870 48092
432288 107437 51755
25688 711617 24852
603396 904743 2497
926382 214311 96984
308464 753253 56593
167461 700262 8657
784889 213862 48157
716582 987986 80524
627821 632118 70518
989753 302741 64101
658466 86362 44483
722435 415554 60948
159833 919030 25064
204832 88180 16268
310772 814619 40607
355451 923285 44172
340186 181772 81087
133061 665959 80084
626446 749886 91834
35307 448388 84201
559056 440758 73326
290228 332424 84321
701966 798452 65355
713486 417740 37919
858018 81267 27435
863922 875521 75020
34500 12582 64551
373553 88251 99523
758846 645887 17404
385845 197044 5994
458507 879486 2657
781459 28946 84548
198793 39094 30582
347677 446559 34565
826065 412208 64533
736072 545472 768
116128 887629 6921
96711 619168 62707
915668 993201 81887
939838 809653 79032
327935 718283 25082
253145 124521 27193
333219 151891 86869
269146 19634 2370
706052 869662 80858
979730 612170 51610
879883 331204 729
542041 465820 72753
72071 76529 42180
769777 596309 85106
90949 849451 93300
564796 453258 37710
991752 711111 15123
855207 928712 95181
722261 981860 66605
110511 34261 93866
474310 272622 42932
743408 36995 84199
508646 84715 60043
409575 62623 48402
1817 138554 97424
593663 666092 93408
860459 638245 2852
112900 287684 8209
954102 403844 43652
448763 847813 99735
759708 612038 88505
497366 675547 18834
259215 79963 46589
463753 347551 83127
743906 628547 66865
415414 990243 36789
630533 224443 15484
896069 815235 91101
134438 682627 13392
611477 525312 43700
514673 336581 12976
509829 994083 61337
484566 686083 35434
361946 456901 46779
6925 827627 44405
481547 670145 19586
21282 851070 76334
550815 308849 73690
58542 986378 53715
293312 113202 13383
761421 469237 32789
731691 200034 26542
796219 375445 82443
613004 419105 79521
932633 458040 39025
324063 417507 637
725603 716691 20210
37914 732488 26413
284172 210875 82315
211696 55024 48981
360282 283985 86287
455351 624755 3827
468871 620547 29315
171023 79664 25839
493767 977290 25785
439399 882809 94533
939867 20796 83149
227205 53082 76346
71517 664716 80894
852460 315273 34876
245913 177499 46555
365428 133174 21452
118256 757094 53915
566237 650283 52245
569043 171314 26674
926157 271164 42159
702614 401520 89675
421029 908619 94636
256053 311502 66269
823471 633393 17725
58135 936206 48236
610100 928761 14720
584733 861114 3100
177862 517510 28883
46351 13923 86321
890540 59425 8200
304261 616307 65790
224435 354593 78677
507187 370144 94430
62911 716124 36966
366654 557328 49875
318112 999977 85512
465609 34883 56556
282583 428580 80447
463095 867373 67130
193256 149606 56450
979870 597091 9223
487972 903574 16690
896355 306583 82556
188982 162753 70962
340801 170589 6743
361262 343585 14961
80763 136840 80872
192632 790791 78105
974626 396841 37643
142227 428155 82534
475225 194209 97951
611726 443400 10520
219476 73115 63195
376454 393730 93239
110033 203084 92735
318118 380704 91561
95185 541471 82548
832215 4540 28916
512710 33014 47261
857471 461041 7308
868518 767053 12130
752606 775675 16949
362697 576231 29872
156101 289802 73051
83546 645637 49730
207024 830366 92871
331928 840378 66153
272053 911769 35578
758166 435065 97627
608479 112962 40339
492038 84352 856
542801 73318 2130
998798 814673 16825
980501 314352 65395
853154 453333 86885
237594 786158 73315
374053 879810 76366
727558 655567 10230
310651 565613 55717
145779 124273 30569
409276 130573 20348
334005 371624 96466
249646 2355 15391
219619 998203 96747
156372 850032 21266
888264 472139 11146
927329 361628 34817
883594 464665 99018
31381 626650 64699
356556 404188 89462
86515 538305 6971
668611 249866 71344
500922 32778 71596
539743 960331 77185
962493 606092 11858
865817 299068 8011
955699 625703 8511
169163 75692 9261
839548 647072 22831
187272 907739 60212
457324 693318 7935
311308 576421 94865
839534 54903 13373
840858 674843 80660
885207 136255 63482
254786 868027 44180
472951 461765 89079
833734 38631 51
231710 656092 34216
11242 197959 9873
602177 978972 61587
164553 127986 17491
19523 824101 81610
521957 960810 502
815469 655450 39616
930173 980970 34081
659629 905876 28295
810054 684020 5991
932957 323771 83153
858371 936822 79851
20604 812764 17116
319757 428390 4567
154170 180510 26551
790615 452727 26513
346073 502500 37980
954744 214208 59241
470745 646217 49198
646379 98589 73745
571091 37242 39674
934601 323877 22478
309358 174480 91084
228848 664449 18111
400215 265633 87870
557417 12539 68920
470244 584469 86883
868913 90083 7653
154291 230699 7088
895065 681849 25298
392858 944835 65561
186457 440200 98380
990549 283495 80615
94010 631187 41417
813610 221763 23518
57650 313458 98568
726222 843874 14095
158727 780817 33954
45704 698698 654
868797 38316 81824
575906 299047 15818
517851 166011 25259
49750 326115 52916
919926 88755 63081
575572 15771 22155
290493 626089 12772
102002 178723 16936
638257 82455 22192
226393 658390 9842
264349 876295 37227
897463 840128 76513
546453 540547 34829
906312 343736 61932
120232 140254 6842
638193 910623 8993
173991 895906 62523
463400 533216 72713
540166 23116 36521
88398 813123 34181
833936 592452 85543
54344 819817 27160
987653 684666 20122
247125 436198 52688
655402 150386 8164
532288 214167 16795
64595 368205 2847
827973 413998 17439
200921 847887 22841
671367 40287 8445
323787 241720 8877
802553 488625 14359
392200 346551 6821
403247 539040 48589
494970 789693 49344
968057 987749 68155
335820 304316 3932
395499 777942 59558
225815 873846 43350
784574 594387 69616
697060 338858 50631
316643 680355 75523
748071 41902 20277
710036 824805 24572
849486 8073 13713
82222 82479 67048
431788 385114 93349
531338 684552 78389
524999 643900 23280
296809 217725 41649
977098 597068 4705
966408 266373 9995
753622 561678 52759
363124 857982 19827
391736 148851 7422
428024 368328 33125
502074 909461 89646
971271 275530 98619
966598 155500 15855
998510 261021 67626
144896 544833 4628
170870 395784 98839
921298 713391 34965
496232 552403 56961
536526 326055 36976
628794 960699 21831
205256 999812 92486
770180 35112 2332
575347 64275 11773
156995 246051 1400
987761 201279 36092
119622 364315 40089
94964 654301 62396
760264 406867 23573
923570 726150 55232
918270 628543 2891
595274 591841 33838
485975 182286 26564
401258 293024 83681
949070 370859 93156
113727 838386 56021
166555 397920 27185
214477 836226 46847
761828 956964 87054
766736 724733 11548
256159 512132 44896
870281 623441 62463
750543 276735 47947
943157 15636 49823
164187 622661 64807
659869 825789 60243
415310 996646 92655
473506 412330 43872
881574 568045 76647
682936 315626 88596
332626 7751 47334
138453 289009 51322
364177 288414 31436
941506 173795 96030
951875 972087 66032
483734 661510 92149
139777 933473 44914
905516 462593 94091
736206 980707 46343
548433 51769 60810
981888 437931 38801
772754 89791 5383
793740 721962 97473
272286 615641 86157
84634 521444 72958
54522 746905 61146
764998 947720 29546
148200 485422 45897
33485 316578 81673
917536 103236 33862
948795 994730 54194
340112 496729 79453
695384 404807 96506
287865 664751 37204
887848 126863 30975
944843 903813 94767
48979 735884 24404
519297 516635 41011
457560 209929 17281
194399 13533 11733
296406 301301 20832
138173 466095 91168
271037 829181 80831
230434 368087 3511
344383 432075 71847
969860 31688 61480
9566 965685 42467
509590 543382 79682
873221 423967 63713
438220 833775 74682
978891 528751 16089
133062 700371 28799
185860 771548 7381
737317 546941 14520
582354 569173 69826
655513 543377 99555
735062 327625 38036
947018 949366 81538
833628 840108 28228
671024 47207 94648
98656 686837 40249
767885 741489 23071
489817 376694 76378
897224 981765 82517
353720 973257 56752
645683 364407 70048
901115 803964 28606
882184 810477 61566
943205 320431 45102
937209 857911 2336
138074 810265 26319
856812 852997 56923
617549 276515 76802
959900 254270 86181
976677 423561 72193
882085 686450 7628
547064 535926 66948
320719 242403 11933
318847 465294 9855
46904 528073 30013
312961 46622 87866
653563 404059 3641
171523 644462 60141
999967 747105 9994
423125 843312 66914
237663 977302 9493
865318 261642 84055
53479 502521 88153
117313 523539 96388
988897 956518 35607
481519 747339 84898
297539 618266 58748
272865 441243 41664
724539 888870 86158
195985 924719 79337
147190 759698 16503
157624 605175 21024
967537 337474 43383
488184 709029 50109
793704 363339 15477
443283 762865 1609
651435 626772 4687
655000 56493 59673
750212 38839 31622
622091 447375 74365
699845 516263 13629
324968 941971 3001
398466 475773 8179
232242 291199 35177
887547 651243 26727
382484 232424 97460
900335 240356 93103
91014 818888 61554
677681 991000 46338
613243 967522 44438
90570 718258 17445
868133 176302 37020
87513 891648 88191
259902 926795 74476
589074 638451 73216
258911 663984 65113
331354 204820 27373
607537 852065 50889
8566 46835 3085
672902 285151 33253
968678 431547 60647
812601 462149 10708
192814 117562 24689
836172 411303 19251
988399 661443 55792
755557 683676 69682
354787 230050 88422
192797 286291 87307
982805 841375 82534
925380 992332 37150
728434 931864 93232
771786 392257 8760
370903 993354 12172
569477 896483 1311
350022 733673 20706
275783 4091 1067
841312 283474 55936
832953 932057 97090
243580 581380 41418
107906 593882 9731
168969 712227 6329
959245 851092 98306
804924 395118 89487
538905 415260 62400
361965 290941 37064
873787 425254 91520
500572 174251 16194
579097 555805 41389
147844 494166 28893
845385 83221 11251
107087 107589 77015
865262 341798 55085
278528 449702 88939
796133 294048 60547
993284 358275 95782
857030 952043 33091
667787 106525 55555
435548 22694 73164
543717 613431 97763
408020 9012 70393
922620 151031 78379
740060 492993 55287
132376 842670 28073
321647 366824 92537
728901 142692 89338
417688 613062 97439
817798 251776 94962
73823 243773 46
615595 99549 67358
772659 329041 26063
375203 462712 7294
832811 910411 94940
839354 162944 2017
906046 574052 25639
219443 465206 73038
733367 570637 91215
762875 544361 80290
17472 909737 90519
342297 128275 12081
792597 408020 44115
845701 567709 33535
299712 512741 36462
502701 750721 39277
502361 262756 61614
719603 369286 45766
42955 704901 22061
422050 994287 21724
160002 328418 62950
504420 936910 36011
293372 533141 68519
98233 595547 21526
797903 874630 76044
273296 534192 87330
119653 67765 10027
717760 519129 39361
746694 378123 71469
482393 451734 12039
726047 727315 27524
494477 822629 20191
778422 106266 97041
397398 547087 45630
851020 886176 31095
773550 638459 30980
62091 627120 21451
928099 570040 73909
514460 479088 80301
114621 437403 64228
580627 602953 88845
352813 414190 38442
203164 549189 93834
217792 198754 18829
464117 495724 64638
428336 244734 31485
7217 398446 3057
863324 897214 5118
704014 830223 6070
312634 404722 85418
766215 140901 75071
532731 154824 38774
173287 65815 27708
212894 294984 85585
224743 762859 37413
865844 506994 15084
883285 885870 30379
14238 360539 34634
318551 57864 48048
65871 675546 70155
552050 808208 6641
168374 536645 89741
137950 399019 36485
664028 58608 42656
891410 556165 26036
219693 998392 6889
724812 98345 40051
69806 930839 57634
886316 429190 69144
31918 950362 16446
443788 852275 80111
523597 428403 62028
152304 932234 95924
426555 292992 7409
180271 145589 52019
789000 968248 50085
404469 919610 25397
8503 906859 44600
166192 337033 65055
364510 885038 1271
485249 116317 29079
842236 508375 39348
116756 844249 72268
252453 251102 30130
633378 766693 61084
15084 916145 68284
479197 332127 33475
988101 167654 62220
487075 112112 12990
339958 364737 98548
530178 21925 55459
479322 351949 23480
377981 46832 26466
57323 351610 57719
918769 529963 88027
122988 550383 32082
893923 954193 75809
433246 458965 59375
879960 813867 86390
329344 325371 5415
975689 938572 8162
994738 212203 73375
689909 913010 6579
196975 343550 95448
208502 964332 40186
734355 555452 27472
699683 437813 47753
845705 252866 30512
773070 158130 26536
95428 951926 34331
313428 350419 67647
964010 283780 13825
706899 108659 26761
186486 671250 30735
749902 940837 52074
15284 67179 9863
161921 37853 16027
160442 338751 91066
871281 978337 65227
600352 163199 58182
162170 319900 32189
249400 460037 64136
23020 422326 95927
713100 960293 65994
552387 145534 56210
511495 638508 11817
678178 776542 43937
679496 387089 85090
994523 676542 47922
888375 760837 23521
875692 113453 42207
223275 249436 14591
803888 150358 90551
737180 967178 26393
921332 521682 8813
533768 939090 11975
429247 620560 65855
210140 146325 99118
174797 122702 5533
520458 347292 83885
849236 644252 29232
227503 699790 39727
344162 474620 20004
708015 514217 4056
294673 390325 4172
535453 265184 74454
383244 204805 26952
968305 224305 31411
751065 989564 95484
844545 28083 96551
460883 873944 18131
259759 14201 80064
441678 84195 62640
114602 7942 93269
36112 711249 32614
199288 659428 60397
280691 967264 91933
240429 928567 15344
12867 744851 63313
33588 35406 24098
507496 991594 70131
91409 906618 18795
992807 723916 87342
939125 599007 18779
228965 581100 31637
248494 385316 63195
235420 530538 79093
572182 822343 53754
209918 220596 8563
365954 853156 21810
481004 228312 73720
206352 331544 29200
189198 683472 5033
147214 795762 10448
348480 256237 76345
53855 142309 55205
621036 512447 29135
405584 254234 62033
222750 558469 32941
961810 560320 85152
963202 55833 14967
798848 855420 67259
93660 896788 52803
496263 987982 99331
376308 281836 76600
456177 309226 70978
645334 271480 49132
688833 252086 42919
768745 144861 35891
794352 81356 99131
705114 516720 79754
334812 257667 9406
844058 709211 96179
523859 363608 1320
775218 211615 27511
64681 516439 46721
241589 311854 99638
304099 453341 24916
464833 520824 3
6846 964558 53869
936267 178136 55751
532906 199283 16690
608576 900353 16643
801067 451238 44726
965955 91389 99734
802123 566613 66347
368427 98499 51378
513932 739793 66588
653013 199248 44149
336560 168314 28851
640636 3296 48665
905631 918091 64667
