3
74
0927077 0163565 050777
0057618 0068898 039133
0887244 0335523 042616
0093127 0030600 009337
0904205 0644381 054138
0779194 0995393 023064
0197355 0475313 096546
0469206 0132281 068060
0188038 0033722 009546
0116660 0245876 029501
0724667 0630202 029821
0332768 0941613 095974
0168924 0512959 080669
0592268 0904140 057428
0594403 0483321 099262
0948654 0453056 002585
0754672 0580245 040704
0021383 0754325 088160
0080418 0572150 060480
0334726 0331137 048668
0814649 0322346 092609
0658825 0780711 001910
0254066 0847474 014524
0629749 0603174 081794
0625548 0204455 044911
0734796 0321950 091167
0762220 0113524 004732
0641273 0023302 013496
0739837 0947437 016376
0371819 0219256 056521
0595650 0630284 053945
0199894 0880037 075778
0987813 0246256 093281
0368579 0235574 051996
0111831 0678736 085934
0526729 0545487 082707
0469143 0804531 081114
0890737 0849831 037255
0206308 0317384 064539
0691821 0377599 064746
0109491 0339266 034101
0317595 0458004 081092
0090858 0069014 099618
0156411 0982922 052198
0350740 0093564 032078
0527106 0816539 074097
0468454 0130463 025292
0422613 0903940 006491
0579254 0824057 082011
0436784 0219157 080364
0760678 0834019 070981
0209329 0852017 056564
0054164 0691022 053798
0709794 0357570 089749
0176479 0812169 075043
0765049 0135157 038531
0314961 0890672 092457
0548450 0680711 080568
0138845 0123737 014688
0272081 0339600 047796
0190333 0907878 087592
0495686 0368205 066891
0759592 0327318 034218
0960014 0311610 045623
0805882 0457215 065537
0755217 0155547 058339
0177692 0843402 088149
0926148 0268968 094460
0425461 0604491 003817
0308126 0364990 066813
0268266 0499553 013912
0242192 0938528 011476
0759313 0347868 019752
0584164 0054357 058691
91
0170389 0428145 064432
0603731 0810879 099496
0883826 0529109 043958
0636140 0280665 088253
0837917 0113298 074235
0910450 0131906 019290
0046003 0067467 077486
0784749 0284144 035435
0725959 0246434 030650
0969965 0861140 088915
0528840 0280980 097544
0251441 0432349 077678
0583372 0244982 071870
0784454 0738076 046399
0689466 0521212 032474
0484805 0854484 029597
0287448 0301080 020194
0232312 0587847 017944
0403037 0236188 067460
0567614 0664173 067417
0438364 0098773 082401
0360347 0337172 064661
0833185 0866909 006634
0951212 0756423 093366
0780340 0163672 092359
0637138 0571587 057355
0166841 0156991 057219
0004364 0335944 022889
0501213 0884702 004764
0434119 0210451 059760
0889913 0968233 010362
0337091 0038023 086299
0706938 0023449 027042
0387323 0972352 082676
0851404 0311098 027671
0378820 0174069 023011
0376217 0924768 087215
0611078 0541589 079747
0226030 0216372 018289
0600279 0208954 098091
0685155 0041293 064493
0544963 0887205 076666
0454199 0898879 092878
0195973 0272606 052051
0801300 0950175 074762
0696135 0189828 025712
0239003 0633789 090425
0731692 0670820 041564
0229399 0395459 074307
0366491 0544767 029974
0413422 0000772 081238
0659074 0943511 038378
0451437 0108850 091528
0983405 0621475 057157
0631606 0116839 026791
0751533 0379232 049146
0432575 0357238 071804
0398845 0988392 023720
0629097 0555422 096662
0300073 0673774 006246
0524770 0130266 059041
0118612 0289589 096705
0974343 0397081 000374
0648457 0492436 058588
0986546 0640670 080007
0919450 0747248 022145
0438579 0378451 050918
0283170 0933844 027371
0850625 0583719 043906
0875912 0195355 055272
0827861 0466949 032361
0894331 0638704 005631
0950138 0028121 005705
0722518 0250515 065037
0745342 0137592 077882
0083156 0080471 076371
0080692 0530650 097642
0106679 0568553 098573
0412971 0887055 035742
0358892 0194013 066576
0367058 0068331 009420
0204374 0243010 060284
0833969 0766715 071041
0096061 0395263 018230
0906385 0517121 055073
0265696 0303117 093553
0175413 0514193 076263
0665648 0351886 077270
0797204 0370814 026070
0702690 0003163 075818
0072829 0938133 086108
60
0313241 0472358 044192
0024165 0754690 032710
0838314 0499460 053104
0902613 0880276 002811
0577331 0307565 091892
0588689 0906960 060678
0587365 0471647 091482
0297708 0269281 018562
0418782 0128617 082986
0984177 0105471 071379
0284885 0617280 071483
0752853 0481589 035207
0339080 0006341 034703
0441341 0195789 052963
0411968 0855910 042840
0422986 0218525 053454
0156722 0185199 070891
0759637 0471430 017980
0428747 0781212 063269
0971767 0550683 033219
0745576 0892502 033501
0383659 0648092 017694
0121726 0398773 058862
0648179 0889272 021507
0367979 0343631 001883
0621182 0683824 006329
0167249 0228260 013650
0955974 0555581 010353
0331434 0414445 012330
0252113 0511434 079226
0376919 0497444 054116
0381919 0026403 072866
0530580 0327343 065715
0363131 0438459 078731
0078200 0699878 028434
0244461 0044629 093076
0467589 0308479 043084
0589089 0870762 011556
0228610 0572485 073891
0604257 0423989 061185
0439119 0740097 024484
0540868 0278391 084330
0301754 0211267 048732
0715209 0716984 033955
0417449 0068616 066364
0716048 0468358 044549
0510036 0196541 068309
0737262 0567069 088184
0257599 0850436 022147
0228969 0071899 083604
0235459 0997676 015248
0210792 0459775 086996
0006872 0486581 044413
0424177 0080473 054116
0526264 0962339 058266
0708853 0039468 003096
0999307 0098135 084434
0535340 0070301 000506
0282311 0329930 025726
0216712 0953899 013822
